epochs: 500, loss: 0.010606772266328335
true_weight: 2.0, estimated_weight: 2.001009702682495